17
36
104
206
9
10
201
183
81
210
232
10
141
243
198
21
95
173
79
69
164
84
251
112
167
10
251
37
226
157
232
76
224
0
27
144
243
46
19
62
113
176
65
140
217
189
161
13
118
133
127
248
219
110
200
212
216
212
83
138
211
85
172
126
233
83
96
254
199
217
176
129
103
108
137
53
185
110
143
224
44
13
190
27
22
110
181
70
192
227
65
202
208
35
1
154
236
140
104
51
237
132
77
33
185
129
130
94
171
16
51
126
201
168
18
102
217
209
195
194
238
136
217
178
205
22
103
241
134
104
86
18
177
4
136
248
147
122
115
199
238
41
35
60
85
135
151
21
150
115
74
11
236
92
19
249
245
57
107
213
147
140
114
170
19
244
37
103
151
18
55
209
6
66
134
148
123
234
35
224
215
22
15
172
251
84
89
93
87
207
150
122
161
108
47
227
152
92
152
176
208
9
219
18
236
50
38
66
12
144
25
118
247
53
13
84
225
150
132
199
244
93
80
172
82
214
253
205
23
99
46
45
168
154
150
28
145
94
14
68
98
14
115
167
87
246
97
141
93
182
48
78
88
145
251
