213
192
245
90
26
189
193
216
219
239
4
162
214
163
103
155
82
245
160
52
176
131
81
7
116
162
211
89
178
132
210
231
39
201
43
60
14
82
14
188
82
254
16
167
129
115
32
237
249
79
36
138
199
182
170
130
151
102
245
234
227
83
123
38
17
90
49
160
134
57
117
138
206
168
213
153
246
80
106
40
178
172
240
84
77
198
169
70
154
221
70
97
128
168
13
49
83
56
222
228
130
200
6
194
29
64
45
174
14
11
72
98
213
85
102
126
225
92
71
48
69
30
14
158
11
203
36
207
93
241
127
160
236
116
143
187
65
235
231
15
162
126
130
44
5
3
18
146
20
69
239
90
18
45
175
229
247
75
221
4
79
53
223
69
129
231
192
120
43
163
199
128
143
97
234
113
225
144
195
85
203
203
43
43
4
90
100
79
216
176
197
203
185
43
110
88
136
116
234
172
162
48
43
216
57
209
198
241
111
250
143
18
241
67
178
59
229
247
193
105
142
217
167
104
40
131
21
254
7
175
123
32
165
51
226
163
83
221
7
219
41
83
200
197
149
16
10
118
39
119
35
243
117
166
163
