43
190
105
116
132
153
198
216
198
108
211
84
87
94
16
20
193
204
64
151
206
60
243
243
212
35
58
10
158
123
62
255
92
32
33
181
42
6
89
40
136
97
58
126
9
109
36
2
117
26
24
22
134
101
161
165
44
138
28
224
220
172
205
216
163
73
73
147
146
177
161
98
221
249
21
125
70
25
13
48
107
113
172
249
102
235
181
51
157
136
209
245
23
60
190
156
191
62
11
11
157
161
40
247
1
109
57
109
49
16
4
179
186
176
50
153
97
66
53
179
244
179
108
242
60
204
47
7
98
130
135
87
142
72
80
71
180
57
4
151
176
17
60
217
244
243
67
177
180
43
110
70
10
89
10
90
157
232
199
247
134
34
160
122
60
129
192
124
55
232
124
106
196
94
133
183
157
106
169
193
225
240
127
88
160
248
31
152
27
249
156
137
20
161
139
101
181
245
179
153
93
139
175
105
201
222
10
155
195
122
254
243
158
125
29
101
11
145
222
47
178
142
38
110
134
56
3
230
20
176
229
248
229
60
32
244
75
170
220
23
196
88
145
10
109
46
97
215
86
39
151
170
67
185
249
